L1_SB_CIN: 0.77e-15
L2_SB_CIN: 0.77e-15
L4_SB_CIN: 0.77e-15
L8_SB_CIN: 0.77e-15

L1_SB_COUT: 4.0e-15
L2_SB_COUT: 4.0e-15
L4_SB_COUT: 4.0e-15
L8_SB_COUT: 4.0e-15

L1_SB_MUX_DELAY: 0.4710e-9
L2_SB_MUX_DELAY: 0.4711e-9
L4_SB_MUX_DELAY: 0.4710e-9 
L8_SB_MUX_DELAY: 0.4711e-9

L1_WIRE_C: 22.5e-15
L1_WIRE_R: 101
L2_WIRE_C: 22.5e-15
L2_WIRE_R: 101
L4_WIRE_C: 22.5e-15
L4_WIRE_R: 101
L8_WIRE_C: 22.5e-15
L8_WIRE_R: 101

CB_MUX_DELAY: 0.475801e-9
CB_COUT_DELAY: 0e-9
CB_CIN_DELAY: 0.250110e-9
CB_WIRE_R: 2231.5

L1_WIRE_R: 100
L1_WIRE_C: 1e-12
L2_WIRE_R: 100
L2_WIRE_C: 1e-12
L4_WIRE_R: 100
L4_WIRE_C: 1e-12


FF_T_SETUP: 0.03e-9
FF_T_CLK2Q: 0.12e-9

FA_DELAY: 0.2151212e-9


MULT_DELAY: 1.36e-9

BRAM_ADDR_T_SETUP: 0.143e-9
BRAM_DIN_T_SETUP: 0.262e-9
BRAM_WEN_T_SETUP: 0.162e-9
BRAM_DOUT_T_CLK2Q: 1.088e-9


FLE_MUX: 0.225010e-9
LUT3_DELAY_MATRIX: 0.01000001e-9
LUT4_DELAY_MATRIX: 0.01000010e-9
INPAD_DELAY: 0.250111e-10
OUTPAD_DELAY: 0.251000e-10
